Matrix A:
5 5
   5.00000    4.00000    3.00000    2.00000    1.00000 
   4.00000    4.00000    3.00000    2.00000    1.00000 
   3.00000    3.00000    3.00000    2.00000    1.00000 
   2.00000    2.00000    2.00000    2.00000    1.00000 
   1.00000    1.00000    1.00000    1.00000    1.00000 
Eigenvalues:
5
2.71554e-001 3.53253e-001 5.82964e-001 1.44869e+000 1.23435e+001 
Eigenvectors [each column represents each eigenvector]:
5 5
  -0.16989    0.45573   -0.59688    0.54853   -0.32602 
   0.32602   -0.59688    0.16989    0.45573   -0.54853 
   0.45573   -0.32602   -0.54853    0.16989    0.59688 
  -0.54853   -0.16989    0.32602    0.59688    0.45573 
   0.59688    0.54853    0.45573    0.32602    0.16989 
Matrix (tU)U-I:
5 5
-1.11022e-016 8.55300e-017 -6.69224e-017 -1.08596e-016 -5.49386e-017 
8.55300e-017 -1.11022e-016 -9.93671e-017 -1.85683e-016 7.27771e-018 
-6.69224e-017 -9.93671e-017 0.00000e+000 2.47117e-016 -6.91992e-017 
-1.08596e-016 -1.85683e-016 2.47117e-016 -2.22045e-016 1.70965e-017 
-5.49386e-017 7.27771e-018 -6.91992e-017 1.70965e-017 0.00000e+000 
Matrix V:
5 5
  -0.04613    0.12376   -0.16209    0.14896   -0.08853 
   0.11517   -0.21085    0.06001    0.16099   -0.19377 
   0.26568   -0.19006   -0.31977    0.09904    0.34796 
  -0.79465   -0.24612    0.47230    0.86470    0.66022 
   7.36767    6.77078    5.62537    4.02422    2.09706 
Matrix V':
5 5
  -0.04613    0.12376   -0.16209    0.14896   -0.08853 
   0.11517   -0.21085    0.06001    0.16099   -0.19377 
   0.26568   -0.19006   -0.31977    0.09904    0.34796 
  -0.79465   -0.24612    0.47230    0.86470    0.66022 
   7.36767    6.77078    5.62537    4.02422    2.09706 
diffs:
5
8.00713e-016 1.11656e-015 9.85323e-016 4.87898e-016 3.66205e-015 
